board_height: 13
board_width: 17
camera_name: test_camera
image_width: 1920
image_height: 1080
camera_matrix:
  rows: 3
  cols: 3
  dt: d
  data:
  - 1016.1289981763
  - 0.0
  - 960.0844246436
  - 0.0
  - 1016.2366640436
  - 541.6659487469
  - 0.0
  - 0.0
  - 1.0
distortion_model: plumb_bob
distortion_coefficients:
  rows: 14
  cols: 1
  dt: d
  data:
  - 6.2865366511
  - 2.8059378474
  - 5.14077e-05
  - 7.9158e-06
  - 0.1107217172
  - 6.6890198174
  - 5.1766423432
  - 0.6924978683
  - 0.0
  - 0.0
  - 0.0
  - 0.0
  - 0.0
  - 0.0
rectification_matrix:
  rows: 3
  cols: 3
  data:
  - 1016.1289981763
  - 0.0
  - 960.0844246436
  - 0.0
  - 1016.2366640436
  - 541.6659487469
  - 0.0
  - 0.0
  - 1.0
projection_matrix:
  rows: 3
  cols: 4
  data:
  - 1016.1289981763
  - 0.0
  - 960.0844246436
  - 0.0
  - 0.0
  - 1016.2366640436
  - 541.6659487469
  - 0.0
  - 0.0
  - 0.0
  - 1.0
  - 0.0
square_size: 50.0
flags: 16385