 camera2/camera_link:
    x: -1.5354573996127374
    y: 0.12881357543342589
    z: -1.1287813624668765
    roll: -1.5800320881099157
    pitch: 0.0009774953159303885
    yaw: 1.5632308282245488
