board_height: 13
board_width: 17
camera_name: test_camera
image_width: 1920
image_height: 1080
camera_matrix:
  rows: 3
  cols: 3
  dt: d
  data:
  - 1016.6712393302
  - 0.0
  - 958.8015835674
  - 0.0
  - 1016.4234665775
  - 539.2747310101
  - 0.0
  - 0.0
  - 1.0
distortion_model: plumb_bob
distortion_coefficients:
  rows: 14
  cols: 1
  dt: d
  data:
  - 0.3154159351
  - -0.1881133013
  - 8.10566e-05
  - -1.5076e-06
  - -0.0129715085
  - 0.713435144
  - -0.1644734199
  - -0.0679207702
  - 0.0
  - 0.0
  - 0.0
  - 0.0
  - 0.0
  - 0.0
rectification_matrix:
  rows: 3
  cols: 3
  data:
  - 1016.6712393302
  - 0.0
  - 958.8015835674
  - 0.0
  - 1016.4234665775
  - 539.2747310101
  - 0.0
  - 0.0
  - 1.0
projection_matrix:
  rows: 3
  cols: 4
  data:
  - 1016.6712393302
  - 0.0
  - 958.8015835674
  - 0.0
  - 0.0
  - 1016.4234665775
  - 539.2747310101
  - 0.0
  - 0.0
  - 0.0
  - 1.0
  - 0.0
square_size: 50.0
flags: 16385
