board_height: 13
board_width: 17
camera_name: test_camera
image_width: 1920
image_height: 1080
camera_matrix:
  rows: 3
  cols: 3
  dt: d
  data:
  - 1011.4314748091
  - 0.0
  - 957.9414657942
  - 0.0
  - 1011.1549175248
  - 542.3105966739
  - 0.0
  - 0.0
  - 1.0
distortion_model: plumb_bob
distortion_coefficients:
  rows: 14
  cols: 1
  dt: d
  data:
  - 54.3826785918
  - 31.4290120536
  - 3.0458e-05
  - -0.0001139684
  - 1.426319535
  - 54.7262898973
  - 52.9734083714
  - 8.4981304883
  - 0.0
  - 0.0
  - 0.0
  - 0.0
  - 0.0
  - 0.0
rectification_matrix:
  rows: 3
  cols: 3
  data:
  - 1011.4314748091
  - 0.0
  - 957.9414657942
  - 0.0
  - 1011.1549175248
  - 542.3105966739
  - 0.0
  - 0.0
  - 1.0
projection_matrix:
  rows: 3
  cols: 4
  data:
  - 1011.4314748091
  - 0.0
  - 957.9414657942
  - 0.0
  - 0.0
  - 1011.1549175248
  - 542.3105966739
  - 0.0
  - 0.0
  - 0.0
  - 1.0
  - 0.0
square_size: 50.0
flags: 16385
