board_height: 13
board_width: 17
camera_name: test_camera
image_width: 1920
image_height: 1080
camera_matrix:
  rows: 3
  cols: 3
  dt: d
  data:
  - 1017.3757534119
  - 0.0
  - 959.7889773397
  - 0.0
  - 1017.1657470642
  - 544.0509511594
  - 0.0
  - 0.0
  - 1.0
distortion_model: plumb_bob
distortion_coefficients:
  rows: 14
  cols: 1
  dt: d
  data:
  - 0.3828112105
  - -0.1159347853
  - -9.49479e-05
  - 6.1633e-06
  - -0.0086382974
  - 0.779873338
  - -0.0630666138
  - -0.0446600105
  - 0.0
  - 0.0
  - 0.0
  - 0.0
  - 0.0
  - 0.0
rectification_matrix:
  rows: 3
  cols: 3
  data:
  - 1017.3757534119
  - 0.0
  - 959.7889773397
  - 0.0
  - 1017.1657470642
  - 544.0509511594
  - 0.0
  - 0.0
  - 1.0
projection_matrix:
  rows: 3
  cols: 4
  data:
  - 1017.3757534119
  - 0.0
  - 959.7889773397
  - 0.0
  - 0.0
  - 1017.1657470642
  - 544.0509511594
  - 0.0
  - 0.0
  - 0.0
  - 1.0
  - 0.0
square_size: 50.0
flags: 16385
