board_height: 13
board_width: 17
camera_name: test_camera
image_width: 1920
image_height: 1080
camera_matrix:
  rows: 3
  cols: 3
  dt: d
  data:
  - 1016.2636895831
  - 0.0
  - 957.4667927224
  - 0.0
  - 1016.0518123878
  - 538.4642423214
  - 0.0
  - 0.0
  - 1.0
distortion_model: plumb_bob
distortion_coefficients:
  rows: 14
  cols: 1
  dt: d
  data:
  - 0.2196352069
  - -0.193658596
  - 2.97204e-05
  - -3.2473e-06
  - -0.0112452075
  - 0.616162423
  - -0.2049985214
  - -0.0629336244
  - 0.0
  - 0.0
  - 0.0
  - 0.0
  - 0.0
  - 0.0
rectification_matrix:
  rows: 3
  cols: 3
  data:
  - 1016.2636895831
  - 0.0
  - 957.4667927224
  - 0.0
  - 1016.0518123878
  - 538.4642423214
  - 0.0
  - 0.0
  - 1.0
projection_matrix:
  rows: 3
  cols: 4
  data:
  - 1016.2636895831
  - 0.0
  - 957.4667927224
  - 0.0
  - 0.0
  - 1016.0518123878
  - 538.4642423214
  - 0.0
  - 0.0
  - 0.0
  - 1.0
  - 0.0
square_size: 50.0
flags: 16385
