board_height: 13
board_width: 17
camera_name: test_camera
image_width: 1920
image_height: 1080
camera_matrix:
  rows: 3
  cols: 3
  dt: d
  data:
  - 1016.8803212293
  - 0.0
  - 955.3301222379
  - 0.0
  - 1016.9542946537
  - 538.9080863888
  - 0.0
  - 0.0
  - 1.0
distortion_model: plumb_bob
distortion_coefficients:
  rows: 14
  cols: 1
  dt: d
  data:
  - 2.3511744853
  - 0.850257804
  - 0.000100341
  - 5.73497e-05
  - 0.0325330571
  - 2.7504587215
  - 1.673923251
  - 0.2019865967
  - 0.0
  - 0.0
  - 0.0
  - 0.0
  - 0.0
  - 0.0
rectification_matrix:
  rows: 3
  cols: 3
  data:
  - 1.0
  - 0.0
  - 0.0
  - 0.0
  - 1.0
  - 0.0
  - 0.0
  - 0.0
  - 1.0
projection_matrix:
  rows: 3
  cols: 4
  data:
  - 1016.8803212293
  - 0.0
  - 955.3301222379
  - 0.0
  - 0.0
  - 1016.9542946537
  - 538.9080863888
  - 0.0
  - 0.0
  - 0.0
  - 1.0
  - 0.0
square_size: 50.0
flags: 16385