board_height: 13
board_width: 17
camera_name: test_camera
image_width: 1920
image_height: 1080
camera_matrix:
  rows: 3
  cols: 3
  dt: d
  data:
  - 1015.9338851089
  - 0.0
  - 962.5381387523
  - 0.0
  - 1016.038624288
  - 541.0162708704
  - 0.0
  - 0.0
  - 1.0
distortion_model: plumb_bob
distortion_coefficients:
  rows: 14
  cols: 1
  dt: d
  data:
  - 5.94269321
  - 2.5921590295
  - -0.0001155961
  - -1.06105e-05
  - 0.0957888885
  - 6.3415190796
  - 4.8284515255
  - 0.6235415572
  - 0.0
  - 0.0
  - 0.0
  - 0.0
  - 0.0
  - 0.0
rectification_matrix:
  rows: 3
  cols: 3
  data:
  - 1015.9338851089
  - 0.0
  - 962.5381387523
  - 0.0
  - 1016.038624288
  - 541.0162708704
  - 0.0
  - 0.0
  - 1.0
projection_matrix:
  rows: 3
  cols: 4
  data:
  - 1015.9338851089
  - 0.0
  - 962.5381387523
  - 0.0
  - 0.0
  - 1016.038624288
  - 541.0162708704
  - 0.0
  - 0.0
  - 0.0
  - 1.0
  - 0.0
square_size: 50.0
flags: 16385
