board_height: 13
board_width: 17
camera_name: test_camera
image_width: 1920
image_height: 1080
camera_matrix:
  rows: 3
  cols: 3
  dt: d
  data:
  - 1017.2811943075
  - 0.0
  - 960.1402099149
  - 0.0
  - 1017.3925261154
  - 537.393016372
  - 0.0
  - 0.0
  - 1.0
distortion_model: plumb_bob
distortion_coefficients:
  rows: 14
  cols: 1
  dt: d
  data:
  - 4.3688527209
  - 1.7598298445
  - -7.2174e-06
  - -4.16115e-05
  - 0.0624271479
  - 4.7719917613
  - 3.3758402528
  - 0.4121558531
  - 0.0
  - 0.0
  - 0.0
  - 0.0
  - 0.0
  - 0.0
rectification_matrix:
  rows: 3
  cols: 3
  data:
  - 1.0
  - 0.0
  - 0.0
  - 0.0
  - 1.0
  - 0.0
  - 0.0
  - 0.0
  - 1.0
projection_matrix:
  rows: 3
  cols: 4
  data:
  - 1017.2811943075
  - 0.0
  - 960.1402099149
  - 0.0
  - 0.0
  - 1017.3925261154
  - 537.393016372
  - 0.0
  - 0.0
  - 0.0
  - 1.0
  - 0.0
square_size: 50.0
flags: 16385